7 388
img0000.jpg -0.650785 0.257798 -0.500386 0.314247 -0.121107 -0.941585 -0.074522 0.985622 -0.151642 4
img0001.jpg -0.845510 0.117178 -0.833924 0.482316 -0.074505 -0.872823 -0.203578 0.959564 -0.194405 4
img0004.jpg -0.500924 0.256535 -0.351339 0.181701 -0.178827 -0.966957 -0.033731 0.981613 -0.187876 4
img0005.jpg -1.434294 -0.019233 -0.932527 0.790390 0.206779 -0.576651 -0.377249 0.905944 -0.192219 6
img0006.jpg -0.445738 -0.153526 -1.089099 0.575046 0.120144 -0.809251 -0.275275 0.959898 -0.053099 4
img0008.jpg -1.905990 0.514375 0.136631 0.623593 -0.192812 -0.757599 -0.083847 0.947020 -0.310037 5
img0009.jpg -0.831644 0.377776 -0.153781 0.369116 -0.167710 -0.914126 -0.076251 0.974803 -0.209631 7
img0011.jpg -2.755386 1.531811 0.775275 0.632466 -0.353354 -0.689296 0.025483 0.898896 -0.437420 5
img0014.jpg -2.286064 0.921793 0.622190 0.612602 -0.290791 -0.734955 -0.031504 0.920140 -0.390320 5
img0015.jpg -0.776591 0.639488 -0.867224 0.499876 -0.494856 -0.710803 0.299621 0.868829 -0.394162 4
img0016.jpg -1.306223 -0.104451 -0.316571 0.558898 0.064758 -0.826704 -0.242201 0.966222 -0.088055 7
img0023.jpg -0.798379 0.117650 -0.743618 0.322168 0.005510 -0.946666 -0.171921 0.983696 -0.052782 4
img0024.jpg -1.630436 0.115135 -0.713550 0.765094 -0.102211 -0.635754 -0.135747 0.939530 -0.314413 6
img0025.jpg -6.361245 3.070076 4.865360 0.632001 -0.264773 -0.728334 -0.039745 0.927514 -0.371670 1
img0029.jpg -0.782893 0.273126 -0.402269 0.365947 -0.234253 -0.900671 -0.083490 0.955636 -0.282471 4
img0030.jpg -0.577847 0.230178 -0.474149 0.157348 -0.040485 -0.986713 -0.127520 0.989961 -0.060954 4
img0038.jpg -0.945488 0.166917 -0.587608 0.486292 -0.150700 -0.860703 -0.118726 0.964485 -0.235951 4
img0039.jpg -1.322125 0.034673 -0.891690 0.716739 -0.018884 -0.697086 -0.201828 0.951232 -0.233286 6
img0040.jpg -1.660111 0.430233 -0.109800 0.615769 -0.236369 -0.751637 -0.068315 0.934334 -0.349789 7
img0041.jpg -4.114463 1.481846 2.609884 0.630074 -0.241797 -0.737931 -0.057134 0.933275 -0.354589 2
img0044.jpg -1.371900 -0.234280 -1.707263 0.941603 0.210564 -0.262767 -0.311807 0.839846 -0.444338 6
img0045.jpg -3.065243 -0.308534 2.357919 0.558087 0.091235 -0.824751 -0.264100 0.961780 -0.072317 2
img0048.jpg -0.875786 0.421655 -0.056752 0.356491 -0.204954 -0.911542 -0.080491 0.965278 -0.248515 7
img0049.jpg -1.484952 -0.097521 -1.188665 0.840230 0.128031 -0.526899 -0.296486 0.922076 -0.248742 6
img0050.jpg -0.161667 -0.124572 -1.203374 0.213662 0.096183 -0.972161 -0.155237 0.985840 0.063418 4
img0051.jpg -0.783780 0.240401 -0.427255 0.292720 -0.150200 -0.944328 -0.106344 0.976346 -0.188256 4
img0052.jpg -0.696156 0.215676 -0.469888 0.287368 0.079306 -0.954531 -0.141238 0.989181 0.039664 4
img0053.jpg -0.563859 0.306846 -0.483268 0.023305 -0.187193 -0.982047 -0.038439 0.981419 -0.187986 4
img0054.jpg -0.521516 0.292457 -0.258663 0.184289 -0.166203 -0.968718 -0.038384 0.983630 -0.176063 4
img0060.jpg -0.489422 0.236435 -0.522857 0.235073 -0.157778 -0.959086 -0.071650 0.981239 -0.178984 4
img0061.jpg -1.237353 -0.118448 -1.461259 0.936042 0.190824 -0.295653 -0.293233 0.887452 -0.355589 6
img0065.jpg -0.509298 0.283873 -0.287089 0.209034 -0.166803 -0.963577 -0.038467 0.983180 -0.178541 4
img0068.jpg -1.458664 0.287853 -0.367699 0.604146 -0.064091 -0.794292 -0.176824 0.961129 -0.212047 7
img0069.jpg -1.460104 -0.161103 -1.390667 0.930236 0.195576 -0.310501 -0.303641 0.885377 -0.352009 6
img0071.jpg -1.083602 0.314478 -1.140728 0.676865 -0.333727 -0.656110 0.012307 0.896330 -0.443217 6
img0072.jpg -1.425728 -0.195566 -0.788758 0.724410 0.119042 -0.679013 -0.299873 0.941320 -0.154894 6
img0074.jpg -1.407622 0.397654 0.101915 0.500340 -0.259642 -0.825982 -0.020709 0.950117 -0.311207 7
img0076.jpg -1.476095 0.118346 -0.753332 0.631531 -0.216816 -0.744419 -0.082935 0.935708 -0.342889 6
img0077.jpg -0.542339 0.211784 -0.574654 0.058252 -0.169765 -0.983761 0.009807 0.985485 -0.169482 4
img0078.jpg -5.998911 2.942444 4.286301 0.641966 -0.355318 -0.679433 0.030614 0.897312 -0.440334 1
img0081.jpg -1.931164 0.039181 -1.329372 0.973609 0.121658 -0.193093 -0.182220 0.923793 -0.336753 6
img0082.jpg -1.582226 -0.274066 -1.573320 0.939096 0.238009 -0.247892 -0.323123 0.857138 -0.401131 6
img0086.jpg -0.807239 0.670663 0.313172 0.260068 -0.291426 -0.920563 -0.022564 0.951273 -0.307522 7
img0091.jpg -1.652179 -0.013915 -1.119403 0.857505 0.015194 -0.514251 -0.194006 0.935320 -0.295867 6
img0094.jpg -0.651854 -0.124298 -1.262711 0.596269 0.051105 -0.801157 -0.241049 0.963318 -0.117954 4
img0095.jpg -0.823662 0.537108 0.603445 0.154823 -0.169784 -0.973244 -0.060218 0.981669 -0.180833 7
img0098.jpg -0.667273 0.188658 -0.576361 0.041997 -0.220261 -0.974536 -0.008123 0.975290 -0.220781 4
img0099.jpg -0.216128 0.230503 -0.426219 -0.004366 -0.092085 -0.995742 0.005649 0.995733 -0.092109 4
img0102.jpg -1.650444 -0.295733 -1.647272 0.953302 0.197356 -0.228618 -0.267880 0.902123 -0.338252 6
img0105.jpg -1.507729 -0.027802 -1.048141 0.825195 -0.059520 -0.561704 -0.144762 0.938935 -0.312162 6
img0108.jpg -0.837263 0.378747 -0.126469 0.252748 -0.194850 -0.947709 -0.057660 0.974737 -0.215785 7
img0110.jpg -0.773898 0.349016 -0.305160 0.440702 -0.125280 -0.888868 -0.103231 0.976570 -0.188823 4
img0111.jpg -1.402087 -0.037206 -1.041985 0.837484 0.011669 -0.546337 -0.182927 0.948079 -0.260160 6
img0112.jpg -4.994914 2.604926 2.618049 0.669160 -0.387729 -0.633949 0.061226 0.878958 -0.472953 2
img0113.jpg -1.554828 -0.018366 -1.009364 0.810881 -0.009707 -0.585131 -0.178868 0.947903 -0.263603 6
img0115.jpg -5.413375 1.417444 1.814936 0.790744 -0.203870 -0.577201 -0.034652 0.926493 -0.374714 2
img0118.jpg -1.726113 -0.129740 -0.886325 0.543745 0.140216 -0.827455 -0.407382 0.906094 -0.114161 6
img0119.jpg -0.821502 0.378108 -0.132585 0.286398 -0.173501 -0.942270 -0.059149 0.978389 -0.198130 7
img0120.jpg -1.301862 -0.103040 -0.324592 0.559190 0.064007 -0.826565 -0.241749 0.966274 -0.088723 7
img0121.jpg -0.564300 0.206775 -0.503255 0.101029 -0.157218 -0.982383 -0.018144 0.986979 -0.159820 4
img0122.jpg -0.906925 0.291064 -0.228615 0.378728 -0.159693 -0.911627 -0.075031 0.976461 -0.202222 7
img0125.jpg -1.475717 -0.092897 -1.218924 0.872006 0.060165 -0.485784 -0.231795 0.924849 -0.301539 6
img0126.jpg -0.884641 0.150066 -0.611184 0.503798 -0.137751 -0.852767 -0.124334 0.965360 -0.229393 4
img0132.jpg -1.542467 0.503135 -0.368650 0.654107 -0.312135 -0.688997 0.010425 0.914520 -0.404407 7
img0134.jpg -0.525123 0.211395 -0.509646 0.256615 -0.139964 -0.956326 -0.084985 0.982359 -0.166578 4
img0139.jpg -0.795371 0.295723 -0.319232 0.324771 -0.186518 -0.927219 -0.116884 0.964931 -0.235044 4
img0141.jpg -1.873625 0.477701 0.073366 0.618266 -0.185766 -0.763700 -0.097150 0.946154 -0.308796 5
img0143.jpg -0.108078 -0.109467 -1.226363 0.132056 0.111900 -0.984906 -0.017121 0.993717 0.110606 4
img0144.jpg -2.782398 0.939774 1.216593 0.570516 -0.262234 -0.778296 -0.051485 0.934372 -0.352560 5
img0147.jpg -1.678751 0.013946 -0.918616 0.830456 -0.007180 -0.557039 -0.176187 0.945207 -0.274849 6
img0148.jpg -1.528847 0.294724 -0.336063 0.616894 -0.140595 -0.774387 -0.114854 0.957301 -0.265300 7
img0151.jpg -0.752939 0.298308 -0.203756 0.299221 -0.190374 -0.935000 -0.080653 0.971342 -0.223584 4
img0155.jpg -1.377650 -0.073550 -1.176290 0.839597 -0.015055 -0.543001 -0.191893 0.926947 -0.322408 6
img0156.jpg -1.505742 0.291637 -0.311785 0.599623 -0.052368 -0.798568 -0.184747 0.961845 -0.201797 7
img0157.jpg -0.780847 0.205299 -0.521132 0.436763 -0.152382 -0.886576 -0.112795 0.968494 -0.222030 4
img0160.jpg -1.720416 0.242637 0.095355 0.601225 -0.139630 -0.786786 -0.123780 0.956457 -0.264328 5
img0162.jpg -0.538076 0.236672 -0.423929 0.212204 -0.027984 -0.976825 -0.092036 0.994574 -0.048487 4
img0165.jpg -0.110700 -0.114225 -1.191442 0.123343 0.259520 -0.957829 -0.033824 0.965738 0.257307 4
img0167.jpg -0.833630 0.376304 -0.152127 0.369761 -0.166688 -0.914053 -0.076874 0.974914 -0.208884 7
img0174.jpg -5.731647 3.005124 4.888599 0.593257 -0.255840 -0.763277 -0.048051 0.935210 -0.350818 1
img0175.jpg -1.393365 0.241723 -0.446215 0.626392 -0.135891 -0.767572 -0.122061 0.955442 -0.268761 7
img0176.jpg -1.142486 0.067277 -0.723129 0.578436 0.005048 -0.815712 -0.209998 0.967198 -0.142927 6
img0178.jpg -2.313705 -0.436317 -1.289017 0.913616 0.234304 -0.332276 -0.353161 0.862262 -0.363018 6
img0179.jpg -0.858154 0.377970 -0.155692 0.474214 -0.245495 -0.845490 -0.062854 0.948446 -0.310643 7
img0183.jpg -1.830152 -0.136026 -1.211558 0.902304 0.065308 -0.426125 -0.221170 0.918588 -0.327536 6
img0184.jpg -0.542156 0.330130 -0.074805 0.397965 -0.441988 -0.803909 0.057270 0.886551 -0.459073 4
img0186.jpg -0.602102 0.024875 -1.261564 0.233293 -0.602956 -0.762901 0.091174 0.794657 -0.600173 4
img0187.jpg -0.721126 0.545087 -0.499624 0.306350 -0.373639 -0.875525 0.010807 0.921053 -0.389287 4
img0192.jpg -1.004739 0.440780 -0.014252 0.413595 -0.261111 -0.872216 -0.038620 0.952100 -0.303338 7
img0193.jpg -0.522211 0.268379 -0.314250 0.302537 -0.227931 -0.925483 -0.052185 0.965568 -0.254863 4
img0195.jpg -2.561837 0.227211 0.298791 0.726227 -0.096490 -0.680650 -0.129559 0.953149 -0.273353 5
img0196.jpg -0.653486 -0.125318 -1.275063 0.575053 0.043224 -0.816974 -0.242401 0.962766 -0.119684 4
img0199.jpg 0.104733 0.455850 -0.216205 -0.113617 -0.243883 -0.963126 0.185000 0.947256 -0.261689 4
img0201.jpg -0.155550 0.232436 -0.502134 -0.032319 -0.013168 -0.999391 0.036202 0.999242 -0.014337 4
img0202.jpg -0.744936 0.640442 -0.928603 0.417367 -0.567189 -0.710001 0.098479 0.804933 -0.585137 4
img0206.jpg -0.884421 0.177982 -0.537892 0.431450 -0.170346 -0.885908 -0.089732 0.969037 -0.230032 4
img0208.jpg -0.562394 0.316636 -0.057314 0.021832 -0.124728 -0.991951 -0.044276 0.991093 -0.125595 4
img0211.jpg -0.666669 0.159853 -0.663665 0.367777 -0.079088 -0.926545 -0.108747 0.985882 -0.127319 4
img0214.jpg -1.778102 0.459579 0.023077 0.563166 -0.158249 -0.811050 -0.118524 0.955874 -0.268805 5
img0215.jpg -0.259889 0.251195 -0.362040 -0.001992 0.083312 -0.996521 0.018107 0.996363 0.083263 4
img0225.jpg -2.006366 0.599194 -0.032089 0.720342 -0.214727 -0.659545 -0.056824 0.929410 -0.364648 5
img0226.jpg -1.285970 -0.010873 -1.121966 0.787075 -0.023966 -0.616391 -0.180584 0.946515 -0.267391 6
img0229.jpg -1.550200 -0.111713 -1.241507 0.878159 0.118114 -0.463558 -0.282982 0.909566 -0.304320 6
img0230.jpg -0.772252 0.490099 0.289999 0.204413 -0.196718 -0.958915 -0.052601 0.975976 -0.211431 7
img0231.jpg -1.399827 -0.239053 -1.699239 0.913159 0.240155 -0.329342 -0.369848 0.827809 -0.421834 6
img0232.jpg -0.509598 0.285127 -0.283635 0.208103 -0.152465 -0.966151 -0.041448 0.985514 -0.164449 4
img0236.jpg -0.856899 0.165864 -0.612282 0.447258 -0.120944 -0.886190 -0.138616 0.969470 -0.202269 4
img0240.jpg -1.332740 0.030230 -0.899455 0.752896 -0.049623 -0.656266 -0.151722 0.957208 -0.246440 6
img0243.jpg -0.737357 0.617614 -0.839073 0.328507 -0.126746 -0.935959 -0.018479 0.989903 -0.140537 4
img0246.jpg -1.409252 0.248056 -0.460243 0.623985 -0.065649 -0.778673 -0.162689 0.963716 -0.211620 7
img0247.jpg -0.934914 0.007416 -0.908369 0.612143 -0.479966 -0.628422 0.116792 0.840881 -0.528468 4
img0249.jpg -1.554096 -0.106866 -1.211146 0.901165 -0.069719 -0.427834 -0.102503 0.924717 -0.366596 6
img0251.jpg -1.437069 -0.017995 -1.022626 0.848315 -0.054006 -0.526730 -0.137992 0.937859 -0.318400 6
img0252.jpg -0.802022 0.599320 0.472383 -0.150026 -0.092874 -0.984310 -0.035124 0.995450 -0.088571 7
img0256.jpg -3.178793 0.986882 1.574390 0.658753 -0.206320 -0.723517 -0.061176 0.943790 -0.324834 2
img0260.jpg -1.616111 -0.236317 -1.511528 0.926664 0.186662 -0.326268 -0.302108 0.886312 -0.350974 6
img0261.jpg -1.332064 0.311998 -0.474699 0.606753 -0.277386 -0.744921 -0.042193 0.924577 -0.378652 7
img0263.jpg -0.916678 -0.257190 -0.905751 0.538145 0.270228 -0.798359 -0.369997 0.926805 0.064303 6
img0265.jpg 0.693828 0.118701 -0.667582 -0.490064 -0.061651 -0.869504 0.186369 0.967020 -0.173606 4
img0266.jpg -1.784161 0.496706 -0.030324 0.722675 -0.203505 -0.660550 -0.064972 0.931441 -0.358045 5
img0268.jpg -2.324979 0.717019 0.570095 0.630901 -0.188079 -0.752722 -0.072767 0.951553 -0.298750 5
img0269.jpg -1.557937 -0.117358 -1.218078 0.882065 0.077317 -0.464740 -0.252554 0.910331 -0.327893 6
img0270.jpg -1.490825 0.302859 -0.329786 0.620564 -0.168555 -0.765826 -0.108992 0.948605 -0.297101 7
img0271.jpg -0.807783 0.348282 -0.205331 0.391698 -0.294495 -0.871691 -0.021872 0.944146 -0.328801 7
img0276.jpg -2.602635 0.273571 0.357097 0.732668 -0.121713 -0.669615 -0.111217 0.949242 -0.294229 5
img0279.jpg -1.337436 0.001369 -1.008647 0.772900 0.017787 -0.634278 -0.225486 0.942061 -0.248348 6
img0280.jpg -2.378217 0.407499 -0.148164 0.782023 -0.109397 -0.613574 -0.104830 0.947361 -0.302520 5
img0282.jpg -0.620025 0.179957 -0.622073 0.116530 -0.129226 -0.984744 -0.056817 0.989008 -0.136509 4
img0283.jpg -1.385941 -0.238558 -1.705088 0.921452 0.271643 -0.277733 -0.371626 0.824688 -0.426362 6
img0286.jpg -0.187521 -0.169613 -1.339238 0.119045 0.299540 -0.946628 -0.143100 0.948630 0.282177 4
img0287.jpg -0.045641 -0.119190 -1.190833 -0.068065 0.190109 -0.979401 0.010210 0.981759 0.189857 4
img0288.jpg -1.889823 0.482313 -0.325121 0.717428 -0.194867 -0.668823 -0.066070 0.936719 -0.343792 7
img0291.jpg -1.384774 0.234841 -0.459398 0.623843 -0.169179 -0.763019 -0.102208 0.950246 -0.294256 7
img0296.jpg -1.147370 0.021519 -0.986136 0.735536 -0.010174 -0.677410 -0.196940 0.953498 -0.228160 6
img0297.jpg -0.933909 0.391568 -0.129632 0.361392 -0.187043 -0.913461 -0.074325 0.970777 -0.228184 7
img0298.jpg -1.748807 0.521669 -0.021579 0.627205 -0.227543 -0.744874 -0.068661 0.936495 -0.343894 5
img0299.jpg -1.236635 0.157854 -0.603156 0.611333 -0.095285 -0.785616 -0.141517 0.963560 -0.226990 7
img0300.jpg -1.821776 -0.160230 -1.318027 0.919213 0.107869 -0.378698 -0.247443 0.906368 -0.342445 6
img0302.jpg -0.989996 0.447565 0.000596 0.352403 -0.148474 -0.923995 -0.136048 0.968718 -0.207548 7
img0304.jpg -1.589918 -0.128719 -1.230111 0.879923 0.054808 -0.471944 -0.229592 0.918698 -0.321375 6
img0305.jpg -1.608057 -0.083853 -1.359238 0.900078 0.023750 -0.435082 -0.189464 0.920510 -0.341708 6
img0306.jpg -0.970546 0.454591 0.021961 0.351781 -0.219325 -0.910026 -0.055205 0.965611 -0.254061 7
img0308.jpg -1.727254 0.514157 -0.050065 0.628701 -0.242619 -0.738831 -0.058318 0.932700 -0.355907 7
img0310.jpg -1.181561 0.061632 -0.919817 0.653872 -0.048208 -0.755068 -0.163023 0.965550 -0.202821 6
img0314.jpg 0.239230 0.206349 -0.419824 -0.185306 -0.118824 -0.975470 0.058995 0.989527 -0.131744 4
img0318.jpg -2.016785 0.538645 0.304025 0.624708 -0.219248 -0.749446 -0.066288 0.941418 -0.330663 5
img0319.jpg -1.745306 0.522825 -0.029787 0.624149 -0.221540 -0.749238 -0.073266 0.938136 -0.338428 5
img0321.jpg 0.203867 0.197284 -0.478643 -0.109882 -0.128110 -0.985654 0.037450 0.990421 -0.132905 4
img0323.jpg -0.882586 0.153735 -0.601477 0.429217 -0.163811 -0.888222 -0.079720 0.972706 -0.217915 4
img0325.jpg -1.553983 0.277395 -0.238463 0.613383 -0.140566 -0.777176 -0.118577 0.956489 -0.266585 7
img0327.jpg -1.638705 0.173092 -0.563937 0.632205 -0.216432 -0.743959 -0.083398 0.935605 -0.343057 6
img0328.jpg -3.161398 0.611189 0.687506 0.739634 -0.147120 -0.656733 -0.094228 0.943566 -0.317498 5
img0330.jpg -0.799779 0.213466 -0.490128 0.357497 -0.154300 -0.921079 -0.098805 0.974473 -0.201593 4
img0333.jpg -0.970137 0.178765 -0.567129 0.462380 -0.133689 -0.876546 -0.148241 0.962999 -0.225072 4
img0336.jpg -1.538368 -0.016166 -1.025514 0.813884 -0.022085 -0.580608 -0.168197 0.947537 -0.271816 6
img0337.jpg -1.776655 -0.380970 -1.788386 0.961332 0.231844 -0.148622 -0.273245 0.870250 -0.409880 6
img0338.jpg -1.442913 -0.075150 -1.234113 0.847108 0.046355 -0.529395 -0.237341 0.924317 -0.298845 6
img0339.jpg -0.761641 0.252801 -0.422038 0.333138 -0.195632 -0.922360 -0.081764 0.968560 -0.234962 4
img0343.jpg 0.179277 0.232249 -0.407707 -0.179088 -0.232656 -0.955928 0.071234 0.966020 -0.248457 4
img0351.jpg 0.178419 0.280726 0.255190 -0.167787 -0.116043 -0.978970 0.030045 0.991984 -0.122736 4
img0353.jpg -0.796381 0.185880 -0.575488 0.418845 -0.120560 -0.900019 -0.121003 0.974898 -0.186901 4
img0358.jpg -1.551471 0.295322 -0.310251 0.641958 -0.181013 -0.745067 -0.084221 0.949206 -0.303174 7
img0367.jpg -1.749545 0.521544 -0.020949 0.627270 -0.227435 -0.744853 -0.068826 0.936478 -0.343907 5
img0368.jpg -1.156807 0.541584 0.213701 0.417542 -0.237997 -0.876935 -0.074386 0.952897 -0.294031 7
img0371.jpg -1.857526 0.312082 0.251219 0.601976 -0.130587 -0.787764 -0.141168 0.953594 -0.265950 5
img0375.jpg -0.514662 0.290602 -0.279630 0.211580 -0.169912 -0.962478 -0.036931 0.982679 -0.181597 4
img0376.jpg -1.474849 -0.050513 -1.089409 0.834536 0.025727 -0.550352 -0.210883 0.937756 -0.275939 6
img0377.jpg -1.494132 0.295780 -0.339712 0.624633 -0.160573 -0.764231 -0.103709 0.952906 -0.284981 7
img0380.jpg -1.271529 0.267458 -0.587288 0.626123 -0.105890 -0.772500 -0.134203 0.961315 -0.240546 7
img0385.jpg -0.781185 0.166517 -0.604415 0.353868 -0.111423 -0.928635 -0.102361 0.982301 -0.156868 4
img0386.jpg -1.480867 0.292046 -0.331309 0.632837 -0.217101 -0.743226 -0.081731 0.935794 -0.342943 7
img0389.jpg -1.409828 0.280718 -0.422957 0.596163 -0.170166 -0.784623 -0.100811 0.953680 -0.283428 7
img0392.jpg -1.570552 0.298894 -0.272977 0.623262 -0.136086 -0.770081 -0.125784 0.954475 -0.270475 7
img0395.jpg -0.011891 0.214209 -0.454450 -0.041997 -0.131921 -0.990370 -0.013484 0.991229 -0.131464 4
img0397.jpg -3.529881 1.452531 2.041786 0.598831 -0.276109 -0.751775 -0.039374 0.927407 -0.371977 2
img0403.jpg -1.488036 0.287463 -0.357730 0.572058 -0.121137 -0.811219 -0.139345 0.960303 -0.241663 7
img0405.jpg -0.894732 0.708939 -1.215485 0.503926 -0.165316 -0.847779 -0.009221 0.980428 -0.196663 4
img0407.jpg -0.942463 0.392094 -0.119819 0.365703 -0.206108 -0.907624 -0.066730 0.966856 -0.246446 7
img0410.jpg -1.310705 -0.076695 -1.025588 0.758723 0.028196 -0.650803 -0.218864 0.952019 -0.213910 6
img0411.jpg -0.796958 0.121223 -0.717897 0.395465 -0.059307 -0.916564 -0.111812 0.987383 -0.112132 4
img0415.jpg -0.823786 0.536929 0.603286 0.154882 -0.169730 -0.973244 -0.060284 0.981672 -0.180794 7
img0416.jpg -1.565196 -0.065006 -1.128208 0.840809 0.051958 -0.538833 -0.229695 0.935577 -0.268208 6
img0420.jpg -0.742443 0.226734 -0.460340 0.274685 -0.144823 -0.950565 -0.118302 0.975991 -0.182883 4
img0421.jpg -1.284286 -0.011047 -1.121270 0.786308 -0.023876 -0.617373 -0.180835 0.946599 -0.266926 6
img0424.jpg -0.689103 0.098814 -0.492910 0.437398 0.175635 -0.881950 -0.205660 0.974287 0.092028 4
img0425.jpg -1.984612 0.489273 0.209537 0.633739 -0.170576 -0.754506 -0.091108 0.952136 -0.291781 5
img0427.jpg -1.306093 -0.104412 -0.316840 0.558905 0.064764 -0.826699 -0.242177 0.966230 -0.088034 7
img0428.jpg -0.758879 0.147840 -0.762178 0.315909 -0.124748 -0.940553 -0.075436 0.984878 -0.155964 4
img0429.jpg -0.856698 0.167632 -0.608694 0.395738 -0.163242 -0.903739 -0.096988 0.971143 -0.217888 4
img0430.jpg -1.466499 0.319218 -0.302940 0.628097 -0.217181 -0.747213 -0.067274 0.941509 -0.330203 7
img0433.jpg -0.990047 0.427134 -0.042909 0.313538 -0.250102 -0.916047 -0.051834 0.958745 -0.279501 7
img0435.jpg -1.377334 0.308720 -0.520668 0.635106 -0.232140 -0.736717 -0.065021 0.934319 -0.350457 7
img0439.jpg -0.874308 0.161571 -0.602800 0.431022 -0.091841 -0.897656 -0.109134 0.982198 -0.152893 4
img0440.jpg 0.069187 -0.124400 -1.230120 -0.434826 0.055481 -0.898804 0.195624 0.980085 -0.034141 4
img0442.jpg -0.696805 0.176323 -0.611517 0.371185 -0.176370 -0.911655 -0.104019 0.967718 -0.229568 4
img0444.jpg -1.285096 -0.010565 -1.122034 0.786850 -0.024216 -0.616669 -0.180488 0.946513 -0.267465 6
img0445.jpg -0.768785 0.232185 -0.579439 0.392248 -0.176496 -0.902768 -0.084247 0.970402 -0.226324 4
img0446.jpg -0.545678 0.166576 -1.251937 0.441526 -0.229103 -0.867506 -0.033286 0.962003 -0.271001 4
img0448.jpg -1.356797 -0.006469 -1.024450 0.764275 -0.005431 -0.644868 -0.254293 0.916403 -0.309096 6
img0449.jpg -1.552876 -0.109171 -1.220838 0.871887 0.078296 -0.483407 -0.248984 0.920899 -0.299919 6
img0451.jpg -1.252704 0.197513 -0.504783 0.657147 -0.054367 -0.751799 -0.159619 0.964738 -0.209289 7
img0453.jpg -0.789423 0.187896 -0.557280 0.395446 -0.136048 -0.908358 -0.132475 0.970180 -0.202980 4
img0454.jpg -1.091880 0.458640 0.028649 0.430418 -0.232406 -0.872197 -0.086785 0.951153 -0.296272 7
img0457.jpg -1.892969 -0.043465 -1.217602 0.901768 -0.021907 -0.431665 -0.163039 0.907696 -0.386660 6
img0459.jpg -0.763109 0.149213 -0.682237 0.322719 -0.100330 -0.941162 -0.079503 0.987978 -0.132582 4
img0462.jpg -1.839380 -0.162487 -1.316058 0.913325 0.104137 -0.393692 -0.250697 0.905627 -0.342040 6
img0463.jpg -1.288655 0.132009 -0.678507 0.666033 -0.054990 -0.743892 -0.163222 0.962366 -0.217279 6
img0468.jpg -1.775364 -0.417678 -1.864945 0.828425 0.560097 0.001970 -0.503227 0.745845 -0.436437 6
img0469.jpg -1.487371 -0.008666 -1.047490 0.821657 0.024837 -0.569441 -0.223878 0.932821 -0.282352 6
img0470.jpg -1.064600 5.885672 9.182296 0.062329 -0.466721 -0.882205 0.041054 0.884375 -0.464969 3
img0472.jpg -0.517004 -0.198259 -1.380567 0.610023 0.361806 -0.704960 -0.482558 0.875292 0.031654 4
img0473.jpg -2.151248 0.056714 -0.907446 0.906749 0.013451 -0.421456 -0.168783 0.927508 -0.333528 6
img0480.jpg -0.417271 0.321831 -0.258475 0.119382 -0.175828 -0.977155 -0.066625 0.980557 -0.184580 4
img0485.jpg -0.874424 0.324574 0.133849 0.266447 -0.133870 -0.954508 -0.095736 0.981735 -0.164414 7
img0487.jpg -1.518495 0.297963 -0.329693 0.614700 -0.109597 -0.781110 -0.132203 0.961975 -0.239012 7
img0488.jpg -6.448405 3.218669 5.615460 0.602216 -0.252405 -0.757382 -0.048517 0.935379 -0.350302 1
img0489.jpg -0.875384 0.119488 -0.832510 0.548532 -0.086574 -0.831636 -0.152900 0.967468 -0.201564 4
img0491.jpg -0.644514 0.125411 -0.507013 0.260828 -0.105963 -0.959552 -0.060264 0.990232 -0.125732 4
img0492.jpg -0.719885 0.143838 -0.653772 0.235267 -0.107384 -0.965980 -0.035944 0.992237 -0.119057 4
img0495.jpg -1.374966 0.275382 -0.456006 0.638469 -0.212278 -0.739795 -0.079246 0.937971 -0.337535 7
img0498.jpg 0.099520 0.300487 -0.282900 -0.170549 -0.199065 -0.965032 0.036845 0.977407 -0.208129 4
img0499.jpg -1.396836 -0.096819 -1.171353 0.892837 0.124832 -0.432735 -0.277600 0.909138 -0.310494 6
img0500.jpg -1.394535 -0.239272 -1.703205 0.913333 0.270370 -0.304504 -0.383900 0.821077 -0.422438 6
img0502.jpg -0.706898 0.181858 -0.594119 0.249871 -0.128121 -0.959765 -0.064548 0.986798 -0.148534 4
img0506.jpg -2.094073 -0.089692 -1.193467 0.921293 0.050486 -0.385577 -0.195489 0.917267 -0.346994 6
img0507.jpg -1.755334 -0.224322 -1.459775 0.936756 0.129946 -0.324966 -0.250142 0.897998 -0.361979 6
img0512.jpg -0.769681 0.195244 -0.531322 0.344720 -0.064399 -0.936494 -0.084020 0.991523 -0.099111 4
img0513.jpg -1.212201 0.085949 -0.624495 0.608083 -0.101918 -0.787304 -0.146293 0.960355 -0.237311 7
img0514.jpg 1.706693 0.770893 -0.618713 -0.747696 -0.381414 -0.543575 -0.067452 0.857977 -0.509241 4
img0516.jpg -0.829426 0.175288 -0.598087 0.412082 -0.109808 -0.904506 -0.119297 0.977663 -0.173040 4
img0517.jpg -1.569012 0.270032 -0.283550 0.640990 -0.220979 -0.735052 -0.061322 0.939855 -0.336024 7
img0519.jpg -0.521910 0.223056 -0.456768 0.330739 -0.198345 -0.922644 -0.067495 0.970189 -0.232761 4
img0521.jpg -1.002269 0.688077 0.729594 0.277438 -0.204180 -0.938796 -0.054731 0.972210 -0.227622 7
img0522.jpg -4.025098 1.705731 2.441138 0.633075 -0.244559 -0.734443 -0.031915 0.939729 -0.340427 2
img0525.jpg -1.450244 0.003572 -0.970255 0.772603 0.030366 -0.634162 -0.216998 0.951331 -0.218817 6
img0526.jpg -0.678857 0.237597 -0.326101 0.325074 0.130456 -0.936647 -0.197509 0.977963 0.067663 4
img0529.jpg -3.762478 0.994641 2.612814 0.607497 -0.130963 -0.783451 -0.133281 0.955525 -0.263075 2
img0532.jpg -1.360752 0.003756 -1.043501 0.849279 0.046077 -0.525929 -0.232490 0.927032 -0.294211 6
img0534.jpg -0.522166 0.234027 -0.474946 0.227514 -0.053051 -0.972329 -0.055048 0.996217 -0.067236 4
img0539.jpg -0.266354 0.445692 0.036838 0.013925 -0.220161 -0.975364 -0.019539 0.975213 -0.220405 4
img0540.jpg -0.675464 -0.124067 -1.235048 0.580073 0.086901 -0.809916 -0.264513 0.960505 -0.086390 4
img0541.jpg -0.217630 -0.102242 -1.214362 0.076913 0.207693 -0.975166 -0.188214 0.963502 0.190365 4
img0544.jpg -1.303073 0.233707 -0.493762 0.587202 -0.064100 -0.806898 -0.174333 0.963449 -0.203404 7
img0546.jpg -1.461869 0.319605 -0.310214 0.648407 -0.175335 -0.740828 -0.089448 0.948830 -0.302853 7
img0548.jpg -0.860889 0.145626 -0.625260 0.489068 -0.104821 -0.865924 -0.153886 0.966811 -0.203948 4
img0553.jpg -0.855826 0.397314 -0.096438 0.361583 -0.190904 -0.912586 -0.056421 0.972538 -0.225800 7
img0558.jpg -1.544473 0.345398 -1.109722 0.927697 -0.164420 -0.335178 0.000611 0.898464 -0.439047 6
img0559.jpg -0.918724 -0.153251 -0.918757 0.576321 0.103599 -0.810630 -0.276271 0.958230 -0.073953 6
img0561.jpg -1.102544 0.151600 -0.789509 0.613638 -0.091316 -0.784289 -0.138775 0.965355 -0.220978 6
img0562.jpg -2.019476 0.674530 -0.409093 0.742219 -0.253845 -0.620221 -0.028440 0.912720 -0.407594 5
img0563.jpg -0.511405 0.288642 -0.276826 0.207921 -0.167677 -0.963667 -0.038462 0.983034 -0.179345 4
img0565.jpg 0.213200 0.294315 -0.289718 -0.207683 -0.082831 -0.974683 0.095803 0.989896 -0.104538 4
img0567.jpg -0.865421 0.178585 -0.578188 0.427762 -0.113122 -0.896785 -0.106802 0.978862 -0.174420 4
img0569.jpg -1.574160 -0.109868 -1.147628 0.856928 0.029847 -0.514571 -0.209935 0.931974 -0.295552 6
img0572.jpg -1.534566 -0.232978 -1.515715 0.947935 0.184119 -0.259847 -0.273131 0.889611 -0.366049 6
img0573.jpg -1.335776 0.037113 -0.869767 0.799711 -0.008827 -0.600320 -0.183301 0.948562 -0.258130 6
img0575.jpg -1.816650 0.167489 -0.623231 0.784656 -0.073494 -0.615559 -0.146874 0.942639 -0.299766 6
img0582.jpg -2.502587 0.780159 0.880106 0.621486 -0.227550 -0.749651 -0.070492 0.936765 -0.342787 5
img0584.jpg 0.151722 0.186020 -0.509235 -0.137373 -0.100360 -0.985422 0.084919 0.989998 -0.112664 4
img0586.jpg -0.784574 0.197137 -0.484552 0.220239 -0.172287 -0.960110 -0.041585 0.981725 -0.185705 4
img0587.jpg -1.613943 -0.279381 -1.563856 0.948831 0.231272 -0.215020 -0.302350 0.861831 -0.407224 6
img0588.jpg -1.115463 0.116101 -0.749532 0.808946 -0.032473 -0.586985 -0.158849 0.949259 -0.271431 6
img0591.jpg -1.244122 0.238806 -0.584222 0.613839 -0.189219 -0.766419 -0.100627 0.944175 -0.313699 7
img0595.jpg -1.440794 0.320569 -0.274023 0.584633 -0.136860 -0.799671 -0.138236 0.954451 -0.264413 7
img0596.jpg -1.201047 0.399233 -0.121861 0.140486 -0.240404 -0.960453 -0.001764 0.970011 -0.243054 7
img0598.jpg -0.919499 0.288941 -0.343498 0.441414 -0.186773 -0.877650 -0.109779 0.959509 -0.259407 7
img0605.jpg -0.445988 0.803318 0.804152 0.069554 -0.296271 -0.952568 0.002860 0.954936 -0.296799 7
img0607.jpg -0.842736 0.336007 -0.264469 0.359718 -0.203936 -0.910502 -0.094985 0.962749 -0.253165 7
img0608.jpg -1.307720 -0.104938 -0.313609 0.552638 0.073029 -0.830216 -0.247640 0.965551 -0.079909 7
img0609.jpg -0.959761 0.180029 -0.567574 0.488650 -0.102189 -0.866475 -0.150759 0.968289 -0.199217 4
img0610.jpg -1.772369 0.424849 -0.106725 0.651015 -0.149035 -0.744291 -0.119241 0.948283 -0.294179 7
img0612.jpg -1.269718 -0.013637 -1.128953 0.789603 -0.038603 -0.612402 -0.167886 0.946348 -0.276117 6
img0613.jpg -1.273693 0.964762 -2.318658 -0.682985 0.666946 -0.297850 0.200847 -0.220577 -0.954467 6
img0616.jpg -0.627119 0.162427 -0.582815 0.195825 -0.123424 -0.972841 0.016178 0.992320 -0.122638 4
img0618.jpg 0.031808 0.532399 0.467968 -0.143128 0.014755 -0.989594 0.144264 0.989520 -0.006112 4
img0620.jpg -0.156851 0.236348 -0.487595 0.000610 -0.144009 -0.989576 -0.007899 0.989545 -0.144010 4
img0622.jpg -1.495717 0.266148 -0.205638 0.588001 -0.120460 -0.799840 -0.141499 0.958281 -0.248345 7
img0623.jpg -1.169216 0.054566 -0.927761 0.651466 -0.043324 -0.757440 -0.166512 0.965861 -0.198461 6
img0624.jpg -0.817513 0.166730 -0.602352 0.387941 -0.071608 -0.918898 -0.141563 0.980518 -0.136175 4
img0625.jpg -2.016521 0.651503 0.634558 0.563637 -0.218967 -0.796472 -0.091296 0.941804 -0.323528 5
img0626.jpg -1.446497 0.010121 -1.015481 0.798594 -0.052141 -0.599607 -0.164446 0.939431 -0.300711 6
img0628.jpg -1.474968 0.280172 -0.355792 0.625785 -0.147253 -0.765970 -0.112521 0.954703 -0.275464 7
img0629.jpg -0.771085 0.195145 -0.527212 0.343837 -0.076107 -0.935940 -0.079880 0.990727 -0.109908 4
img0631.jpg -0.518367 0.278977 -0.334200 0.331586 -0.184545 -0.925199 -0.094360 0.969277 -0.227154 4
img0632.jpg -1.302619 -0.249829 -1.582954 0.925215 0.179732 -0.334175 -0.288599 0.905110 -0.312227 6
img0633.jpg -1.540564 -0.116132 -1.232371 0.833518 0.035216 -0.551369 -0.224819 0.933227 -0.280258 6
img0642.jpg -0.802314 0.334848 -0.259859 0.294174 -0.146444 -0.944466 -0.096047 0.978659 -0.181662 4
img0646.jpg -0.488528 0.293680 -0.285585 0.226884 -0.173803 -0.958288 -0.043885 0.981124 -0.188335 4
img0647.jpg -0.720187 0.121615 -0.577692 0.371251 -0.132452 -0.919037 -0.096881 0.978846 -0.180208 4
img0648.jpg -0.786455 0.190270 -0.532275 0.372318 -0.153289 -0.915359 -0.128043 0.968351 -0.214244 4
img0650.jpg -1.692885 -0.290169 -1.607171 0.929585 0.202911 -0.307732 -0.306075 0.890115 -0.337658 6
img0653.jpg -0.622834 0.226070 -0.177195 0.518849 -0.013120 -0.854765 -0.112715 0.990103 -0.083617 4
img0654.jpg -2.118068 0.730226 0.479194 0.594567 -0.175032 -0.784764 -0.105110 0.950723 -0.291682 5
img0655.jpg 0.082921 0.206127 -0.484368 -0.292523 -0.260274 -0.920156 0.030650 0.959200 -0.281062 4
img0657.jpg -1.545161 0.027008 -1.020620 0.816013 -0.042713 -0.576453 -0.166554 0.937596 -0.305243 6
img0659.jpg -0.940317 0.359583 0.452386 0.203668 -0.106281 -0.973254 -0.103300 0.986209 -0.129313 7
img0662.jpg -2.572766 0.034290 -0.942663 0.922379 0.013351 -0.386055 -0.165366 0.916843 -0.363392 6
img0663.jpg -0.610543 -0.151580 -1.335616 0.609359 0.068168 -0.789959 -0.242320 0.964641 -0.103680 4
img0665.jpg -1.234267 0.186449 -0.699186 0.643363 -0.049376 -0.763967 -0.167071 0.964809 -0.203053 6
img0666.jpg -0.928631 0.173140 -0.608979 0.473335 -0.069224 -0.878158 -0.152082 0.975516 -0.158871 4
img0667.jpg -0.111390 -0.115771 -1.189215 0.124044 0.261419 -0.957222 -0.034933 0.965225 0.259077 4
img0669.jpg -0.744878 0.238993 -0.461886 0.365574 -0.165995 -0.915861 -0.115733 0.968227 -0.221682 4
img0670.jpg -1.157052 0.541705 0.213966 0.417585 -0.238019 -0.876909 -0.074354 0.952893 -0.294051 7
img0671.jpg -5.772185 2.357896 4.477965 0.631631 -0.273963 -0.725249 -0.041985 0.922020 -0.384859 1
img0673.jpg -0.101364 0.252415 -0.468145 -0.044064 -0.164011 -0.985474 0.022865 0.986008 -0.165122 4
img0675.jpg -1.586459 0.415984 0.126781 0.561466 -0.155421 -0.812773 -0.101674 0.961804 -0.254156 7
img0676.jpg -1.384565 -0.080920 -1.237886 0.829383 0.012255 -0.558546 -0.231938 0.917085 -0.324282 6
img0679.jpg -0.831739 0.377745 -0.154269 0.367786 -0.149702 -0.917781 -0.082845 0.977758 -0.192683 7
img0680.jpg -0.417176 0.323404 -0.256154 0.119110 -0.176531 -0.977062 -0.066267 0.980459 -0.185224 4
img0684.jpg -0.592464 -0.182033 -1.351570 0.572993 0.152428 -0.805261 -0.292611 0.955842 -0.027279 4
img0687.jpg -0.750498 0.427708 -0.082707 0.258218 -0.113233 -0.959428 -0.145429 0.977235 -0.154475 7
img0692.jpg -0.323995 -0.159120 -1.317323 0.619881 0.210936 -0.755813 -0.332102 0.943199 -0.009141 4
img0693.jpg -0.674408 0.222230 -0.460120 0.328395 -0.107195 -0.938438 -0.099836 0.984034 -0.147340 4
img0697.jpg -2.097592 0.551275 0.375384 0.627291 -0.189012 -0.755500 -0.084935 0.947711 -0.307621 5
img0700.jpg -0.499662 0.280510 -0.325759 0.185610 -0.168590 -0.968053 -0.038248 0.983186 -0.178558 4
img0702.jpg -1.693800 -0.295122 -1.639220 0.965113 0.236718 -0.111900 -0.261828 0.869795 -0.418214 6
img0703.jpg -0.392498 0.465902 0.081908 0.101489 -0.233884 -0.966953 -0.022316 0.971192 -0.237251 4
img0704.jpg -1.296263 -0.102956 -0.334475 0.553125 0.062570 -0.830745 -0.241885 0.966281 -0.088274 7
img0709.jpg -0.569032 0.210085 -0.482082 0.273043 -0.144123 -0.951145 -0.062092 0.984012 -0.166928 4
img0710.jpg -0.803164 0.566248 -0.068795 0.287962 -0.274405 -0.917486 -0.051471 0.952248 -0.300957 7
img0711.jpg -0.548646 0.184437 -0.557641 0.217972 -0.182198 -0.958797 -0.041872 0.979769 -0.195702 4
img0712.jpg -1.155783 0.174227 -0.712783 0.627931 -0.101435 -0.771630 -0.134512 0.962404 -0.235975 6
img0713.jpg -0.764223 -0.140285 -1.014088 0.529178 0.106979 -0.841740 -0.275461 0.959949 -0.051172 4
img0714.jpg -1.518374 0.297951 -0.329849 0.629896 -0.113854 -0.768289 -0.126884 0.960823 -0.246414 7
img0716.jpg -0.630089 0.192170 -0.449698 0.261536 -0.164070 -0.951147 -0.079307 0.978461 -0.190589 4
img0717.jpg 0.493166 0.189588 -0.507086 -0.361990 -0.115045 -0.925056 0.070376 0.986150 -0.150183 4
img0720.jpg -1.561008 -0.079786 -1.162578 0.862097 0.063006 -0.502811 -0.235189 0.928648 -0.286878 6
img0721.jpg -1.548966 0.294671 -0.310594 0.641360 -0.180870 -0.745616 -0.084431 0.949275 -0.302899 7
img0724.jpg -0.547202 1.225659 1.317639 0.087263 -0.358739 -0.929350 -0.009298 0.932575 -0.360857 7
img0725.jpg 0.322524 0.443750 0.060332 -0.211023 -0.156112 -0.964934 0.038561 0.985066 -0.167802 4
img0726.jpg -0.397522 -0.150644 -1.605922 0.626241 -0.332614 -0.705117 0.006187 0.906518 -0.422123 4
img0731.jpg -1.474662 -0.074411 -1.137225 0.876590 0.298102 -0.377791 -0.422383 0.852791 -0.307148 6
img0735.jpg -0.971904 0.679655 -0.903757 0.576309 -0.543334 -0.610456 0.079912 0.780867 -0.619566 4
img0736.jpg -0.695193 0.210878 -0.513777 0.368701 -0.150455 -0.917291 -0.125297 0.969764 -0.209424 4
img0737.jpg -1.566188 0.300445 -0.325125 0.626286 -0.137541 -0.767364 -0.115996 0.956917 -0.266186 7
img0738.jpg -0.557613 0.262026 -0.369158 0.298233 -0.215739 -0.929792 -0.028655 0.971659 -0.234645 4
img0739.jpg -2.005929 -0.405425 0.712723 0.526158 0.166660 -0.833896 -0.318916 0.947709 -0.011819 5
img0740.jpg -0.811167 0.181721 -0.547639 0.390975 -0.133986 -0.910597 -0.112354 0.975001 -0.191703 4
img0744.jpg -0.703606 0.203372 -0.522563 0.343564 -0.123982 -0.930909 -0.090369 0.982283 -0.164176 4
img0745.jpg -1.463334 -0.328730 -1.811601 0.785415 0.617448 -0.043371 -0.426551 0.489150 -0.760780 6
img0746.jpg -0.736108 0.211826 -0.476406 0.289637 -0.118533 -0.949769 -0.068940 0.987141 -0.144221 4
img0747.jpg -0.452268 0.484767 0.221940 0.095070 -0.234866 -0.967367 -0.009039 0.971525 -0.236764 7
img0749.jpg -4.319279 0.009241 2.806215 0.667853 -0.035018 -0.743469 -0.177743 0.962488 -0.205000 2
img0750.jpg -1.723870 0.449025 -0.068187 0.656555 -0.209549 -0.724586 -0.062027 0.942382 -0.328738 7
img0753.jpg -1.752360 0.153454 -0.677796 0.785859 -0.069801 -0.614453 -0.147293 0.943887 -0.295605 6
img0755.jpg -1.259511 0.054320 -0.925859 0.727333 -0.039626 -0.685140 -0.164519 0.959154 -0.230124 6
img0757.jpg -1.852627 0.473302 0.035045 0.628945 -0.230334 -0.742546 -0.053515 0.940013 -0.336915 5
img0760.jpg -0.486335 0.281104 -0.298133 0.205053 -0.191662 -0.959802 -0.043942 0.977848 -0.204653 4
img0766.jpg -0.868163 0.157933 -0.627882 0.422095 -0.057329 -0.904737 -0.200612 0.967349 -0.154890 4
img0767.jpg 0.110777 0.251497 0.076537 -0.153459 -0.125621 -0.980138 0.021967 0.991208 -0.130479 4
img0768.jpg -0.697466 0.633445 0.316286 0.172945 -0.283302 -0.943308 0.012023 0.958276 -0.285592 7
img0772.jpg -0.577588 0.218564 -0.483266 0.170980 -0.157573 -0.972593 -0.056455 0.983940 -0.169336 4
img0773.jpg -1.269198 0.024245 -1.050757 0.596094 -0.285431 -0.750467 -0.036141 0.924193 -0.380213 6
img0774.jpg -1.500298 0.303334 -0.317494 0.625276 -0.130282 -0.769452 -0.128563 0.955299 -0.266223 7
img0778.jpg -1.263815 -0.065142 -1.224834 0.802485 0.068441 -0.592735 -0.281640 0.919219 -0.275165 6
img0781.jpg -1.146124 -0.056683 -1.278295 0.896156 0.144164 -0.419668 -0.292789 0.902765 -0.315102 6
img0783.jpg -1.476604 0.292869 -0.340504 0.609961 -0.138999 -0.780146 -0.132209 0.952846 -0.273138 7
img0786.jpg -0.491817 0.286974 -0.353349 0.100248 -0.209585 -0.972638 -0.038324 0.976024 -0.214264 4
img0789.jpg -1.301341 -0.102873 -0.325688 0.560429 0.061456 -0.825919 -0.240158 0.966455 -0.091046 7
img0792.jpg -1.163106 0.128248 -0.647737 0.597170 -0.271705 -0.754695 -0.038632 0.930047 -0.365404 7
img0793.jpg -0.794833 0.518091 0.474824 0.151266 -0.171308 -0.973536 -0.058563 0.981586 -0.181824 7
img0795.jpg -0.214581 0.231215 -0.443676 0.037883 -0.131708 -0.990564 -0.014216 0.991105 -0.132324 4
img0802.jpg -3.095806 -0.311956 2.404480 0.557968 0.090908 -0.824868 -0.263951 0.961804 -0.072545 2
img0803.jpg -0.841342 0.373357 -0.159919 0.311078 -0.201589 -0.928759 -0.043424 0.973210 -0.225782 7
img0804.jpg -0.635447 0.329548 -0.151547 0.162948 -0.183699 -0.969383 -0.021051 0.981643 -0.189561 4
img0806.jpg -0.790710 0.169692 -0.601057 0.415111 -0.144359 -0.898245 -0.106918 0.972748 -0.205743 4
img0809.jpg -2.445573 0.736403 0.761292 0.620257 -0.212161 -0.755161 -0.081274 0.940162 -0.330892 5
img0811.jpg -2.245966 0.744930 0.644346 0.595762 -0.168420 -0.785304 -0.109185 0.951706 -0.286939 5
img0812.jpg -1.564160 -0.020521 -0.997940 0.830216 0.041610 -0.555886 -0.219019 0.941364 -0.256640 6
img0814.jpg -1.494849 0.292275 -0.347543 0.619876 -0.163344 -0.767511 -0.101582 0.953160 -0.284897 7
img0821.jpg -1.490842 -0.090616 -1.228572 0.818297 0.237006 -0.523658 -0.359056 0.922187 -0.143701 6
img0822.jpg -1.548964 0.301283 -0.296969 0.622795 -0.190030 -0.758957 -0.083082 0.948507 -0.305667 7
img0823.jpg -1.471991 0.292373 -0.346388 0.607296 -0.052550 -0.792736 -0.183119 0.961685 -0.204032 7
img0824.jpg -1.618194 0.027996 -0.870592 0.751564 0.008326 -0.659607 -0.236294 0.936966 -0.257409 6
img0826.jpg -1.872582 -0.160611 -1.299420 0.919977 0.104548 -0.377772 -0.244735 0.906039 -0.345252 6
img0827.jpg -1.159339 0.178947 -0.701293 0.614373 -0.072303 -0.785696 -0.154313 0.965551 -0.209519 6
img0831.jpg -1.349876 0.024368 -0.993001 0.820435 -0.069458 -0.567506 -0.077948 0.969737 -0.231376 6
img0834.jpg -0.381554 0.435369 -0.008183 0.082462 -0.332042 -0.939653 -0.004836 0.942720 -0.333550 4
img0835.jpg -0.556076 0.328215 0.012331 -0.062546 0.071334 -0.995490 -0.051175 0.995901 0.074579 4
img0837.jpg -0.740907 0.195410 -0.551715 0.349481 -0.130024 -0.927877 -0.106177 0.978448 -0.177102 4
img0840.jpg -2.195240 -0.423154 0.941266 0.565623 0.122668 -0.815489 -0.290211 0.955228 -0.057602 5
img0848.jpg -1.507140 0.000105 -0.997823 0.783460 -0.009636 -0.621367 -0.191155 0.947665 -0.255717 6
img0849.jpg -1.449328 0.003452 -0.970787 0.772521 0.030454 -0.634259 -0.217084 0.951332 -0.218727 6
img0851.jpg -2.715170 0.057058 -0.962694 0.906141 0.075708 -0.416144 -0.238650 0.903803 -0.355227 6
img0852.jpg -0.160569 0.223982 -0.452734 -0.069187 -0.105992 -0.991957 0.064005 0.991820 -0.110441 4
img0854.jpg 0.179626 0.300454 0.265755 -0.167823 -0.124778 -0.977888 0.030499 0.990825 -0.131663 4
img0856.jpg -3.160135 1.005632 0.635336 0.688646 -0.512933 -0.512511 0.194359 0.811528 -0.551042 5
img0857.jpg -1.473732 0.010148 -0.996610 0.795056 -0.029656 -0.605810 -0.183380 0.940307 -0.286696 6
-6.062479 2.918842 4.826737 0.620214 -0.280460 -0.730735 -0.029537 0.923487 -0.379597
-3.949933 1.003275 2.328161 0.637204 -0.154422 -0.733536 -0.100210 0.939125 -0.285243
-1.064600 5.885672 9.182296 0.062329 -0.466721 -0.882205 0.041054 0.884375 -0.464969
-0.511188 0.203068 -0.564446 0.236200 -0.117357 -0.917132 -0.063750 0.969336 -0.160292
-2.183351 0.543403 0.355743 0.638385 -0.185797 -0.732170 -0.085921 0.937386 -0.313044
-1.503067 -0.047207 -1.146388 0.803115 0.060661 -0.513064 -0.220458 0.905686 -0.306005
-1.208910 0.347937 -0.148214 0.474968 -0.164722 -0.836073 -0.096148 0.958340 -0.252232
